# Created by Octave 4.2.1, Tue Nov 21 15:16:36 2017 GMT <unknown@unknown>
# name: spectrum
# type: complex matrix
# rows: 256
# columns: 1
 (-669896,-5010115)
 (-3739291.282889396,4716370.053089641)
 (-4892001.786458578,-6369750.258229095)
 (2637681.517442685,11257723.25073603)
 (-4164638.781668812,-7141419.474953976)
 (3171768.377285695,-6881717.746943023)
 (-842913.3259162363,273885.8568715565)
 (4287868.690615676,9971737.517703325)
 (-742753.3078743592,-4403997.043069644)
 (12318786.25493632,4533000.615681225)
 (-8523802.697701516,-5579968.060743362)
 (7491073.3283088,10831046.54081819)
 (-1610738.219830658,-3161670.445080563)
 (-2482016.278569944,5919466.462842882)
 (1695835.138603916,-4028941.201403182)
 (14510820.19840889,5024146.45461465)
 (-7506232.890253015,-10447687.84262224)
 (9820489.83719128,3400407.187098813)
 (-9327178.453870263,-9296747.680345953)
 (19659937.92638545,5200612.600507177)
 (-487696.0446019918,-7756055.259541493)
 (7358193.050755162,-1302267.413584709)
 (-13227306.38069013,-9157699.185980804)
 (8454025.968618106,7635665.018682845)
 (-13202341.4207511,-17812402.87410655)
 (12950720.83952301,3571680.241394268)
 (-8354635.214542709,-6595862.687555611)
 (12980038.34426806,16917482.36177588)
 (-14646540.99919301,-2953532.534359849)
 (19237724.80140965,13161897.039857)
 (-18103844.21459781,-15071605.96823798)
 (16081267.28411221,12004572.68486884)
 (-17584116.97283611,-18094864.96461339)
 (16003749.39828232,13553754.79731817)
 (-26999055.4387553,-14958237.55993794)
 (13592446.21868722,24295367.02126668)
 (-25305062.45710183,88080.28154098848)
 (19997234.86588641,7745164.490975702)
 (-19848461.38819038,-16724739.72290658)
 (21017365.21137217,15293899.97651732)
 (-25397065.84228709,-5744232.833972819)
 (28156791.20945076,17888764.91076766)
 (-31002860.26094337,-13061911.01139)
 (33313378.0792906,22101428.13775305)
 (-30762465.30537748,-7334564.967310723)
 (37599794.63365336,31056306.19784163)
 (-39467143.28575545,-9913506.715740312)
 (33314548.26100214,27572276.28625143)
 (-39733600.90033033,-30819187.66347175)
 (38818741.53058308,23988307.78352267)
 (-40300231.77418448,-24823705.30103733)
 (48074968.57858233,34158090.31145412)
 (-48436534.54254556,-38480683.86312637)
 (48701659.97499698,22522352.01960362)
 (-58225373.98754615,-31769493.41009866)
 (51719558.20532883,40083005.56642132)
 (-67556884.172647,-25343319.73904495)
 (67716196.51064782,39591791.66657861)
 (-88150507.68424219,-24838628.1724638)
 (90386103.74354051,32877704.65440404)
 (-119998058.3832851,-51464607.9939225)
 (116208997.5042619,48365817.19534063)
 (-152685283.571984,-57511571.66330373)
 (219162273.0997973,67002098.80870079)
 (-325387943,-41292028)
 (585589620.7851564,-172479951.9320068)
 (-123995081.1280982,1063322414.602899)
 (-344171660.1967239,-142406489.14174)
 (163324409.6742854,27099591.63801023)
 (-83600769.42749098,29702231.7994872)
 (14767685.83216908,-27830388.31479558)
 (36517782.09189828,30454471.83056321)
 (-84670480.11552128,9574470.243664408)
 (5152784.642785953,22713295.02826288)
 (-89443847.71121874,-42685770.55949084)
 (213210996.8828203,74123041.54153255)
 (-462834801.8891186,150942768.5429924)
 (-255324157.3604909,-755327245.7323561)
 (256426434.0140054,65742715.26917046)
 (-135512906.6266106,21344005.93650687)
 (62393443.65807258,-51099496.30359588)
 (-25217238.91987442,61082051.14336924)
 (-20230729.85293354,-78379839.23146348)
 (68473002.11470643,105229823.9119479)
 (-140884813.8677567,-148864245.1614491)
 (391762805.3333318,204786574.2180079)
 (-1169298189.076314,379483243.4641429)
 (-308352905.3513923,-529390321.0041575)
 (208583265.993851,243150888.7417566)
 (-167755265.6927953,-146916532.1999075)
 (132890560.0025924,105884071.4748513)
 (-101318614.352862,-92596592.93390629)
 (94674083.14076467,71743654.62715328)
 (-78698074.12046142,-53563228.27574361)
 (76107002.39141449,45854296.0568503)
 (-62429301.04048677,-51220337.55888171)
 (49552333.8136825,41819963.80930504)
 (-66394506.10671987,-35871967.17508934)
 (43747284.96175085,27453619.40129313)
 (-38878140.12860938,-37770841.10370921)
 (44724263.58063361,17522398.99894989)
 (-23018717.49876999,2903549.985658547)
 (-26792332.43841111,-10502603.97358034)
 (-27629714.2815512,-146554762.0731144)
 (60965061.52887335,58173842.17626277)
 (-53019421.01057155,-51247283.02517857)
 (42191620.12270094,46014229.43348849)
 (-36598235.57245913,-48024132.62841977)
 (23917172.63221446,28459068.26753602)
 (-46119687.6377051,-37706967.28413332)
 (34188389.76477485,32035794.04805842)
 (-18775529.49619169,-28178863.40783145)
 (33275358.69733641,20592314.94003671)
 (-17297972.44305564,-24938010.14799771)
 (18506139.30021712,34468781.24450324)
 (-24317837.19662358,-18823075.7941866)
 (35288595.14848273,16318138.5339129)
 (-28208973.7595414,-22777910.64582337)
 (27519890.49454452,17363573.05464845)
 (-30774104.27672905,-23068063.68883843)
 (23692801.27882067,21729715.45847918)
 (-27200557.21032494,-13341866.68909547)
 (15963500.9174885,15411717.96462606)
 (-37058253.16206282,-25324624.96301036)
 (28247402.13762877,7751463.4417023)
 (-22048503.59567529,-17632474.15895818)
 (30469829.95560975,6897795.61933817)
 (-23091661.63362909,-11854429.28609234)
 (23627240,26659475)
 (-26684006.79091886,-17652378.02142373)
 (21011028.40352884,14954876.86959418)
 (-19240940.21564407,-11270873.67546254)
 (23729460.55161163,12844527.06204732)
 (-19159531.53992396,-13798938.7607159)
 (22170139.52632124,20902489.75239586)
 (-7580763.774545059,1021340.783613846)
 (16996241.89985664,14834122.72708614)
 (-16645701.32607742,-28151154.29266088)
 (8040395.191833081,12918967.5054318)
 (-10730846.57513002,-15666929.51432175)
 (23994729.28901919,11588302.33545883)
 (-11899488.20143873,-19904601.0690673)
 (16119622.40473428,6111060.927319098)
 (-13346473.27275244,-8758346.167358998)
 (11650432.62164563,5674502.595449516)
 (-13662970.23391063,-12041917.27884732)
 (27964693.59348939,17572044.31630687)
 (-20508452.92433649,-13221859.35199918)
 (25257423.170229,22639238.41286639)
 (-14638075.06539677,-13849457.43247218)
 (2533645.835308164,20487221.00510841)
 (-6053442.709804196,-21057204.54207426)
 (12815944.57876358,-1804970.548371907)
 (-23170206.57055442,380665.0537652839)
 (12870359.90056909,6356699.460612983)
 (-6947208.867371101,-16173470.20162722)
 (22060434.43672884,8148302.114158408)
 (-6656960.864592133,-8103965.33300918)
 (4901520.432505136,18909203.34509505)
 (-13435433.48568847,-9726525.602046199)
 (24327576.97283611,-580431.0353866108)
 (-6644284.605027929,5631550.328506516)
 (2346167.213685691,4490572.627042558)
 (-13170573.12995838,-9089285.226839976)
 (6258734.66569782,7093705.539495135)
 (-7951025.638756964,-6542078.560212964)
 (10514738.19698396,21384601.79069138)
 (-4945802.196713338,-13217430.03562538)
 (11374484.17588613,5681206.030684803)
 (-12577429.20790665,-2582657.349991608)
 (6975316.189544324,16852931.10810162)
 (-2552468.046148326,-16588975.52583588)
 (10841037.35049199,-7581960.835224096)
 (-15011881.30911816,-8977611.041703582)
 (2222421.753777528,1947593.077845629)
 (-7728712.384324348,-9001511.531017127)
 (3084119.760412265,6882248.344002642)
 (-3180376.056133281,-16091923.18050519)
 (7822008.514352808,13443282.00677472)
 (-10193785.02874219,-2703785.71184741)
 (4078775.36499691,9351660.897556484)
 (-9032096.296565592,-4312798.792305335)
 (4698403.753576756,2265565.709796757)
 (-18009467.66152003,-15476101.06063724)
 (1055472.236229703,8395079.373929381)
 (-14078188.84339809,-13837048.9699126)
 (21916635.62090074,2909944.908706576)
 (-5216604.424235627,2722669.579901099)
 (10329234.76838885,9641345.549088649)
 (-9229469.68864058,-5573952.012872435)
 (7668805.42487929,4356736.748673979)
 (-15021928.05429901,-5087579.388382461)
 (9252479,3203252)
 (-13332131.7220372,-8445860.403795362)
 (-1494652.705412164,-4649723.573980331)
 (-6530992.696463346,-15145626.04302503)
 (-2683099.538515627,11106819.61213193)
 (233539.8036694303,-2282005.854462603)
 (8261197.30195684,-2217104.00589204)
